25
73
95
163
205
215
235
245
251
253
265
271
275
1385
5855
6845
9655
15325
15355
15365
15385
15713
15715
15719
17041
24775
24785
24815
24835
24875
24905
24935
24965
24995
25015
25045
25075
25085
25115
25135
25139
25195
25205
25225
25255
25271
25315
25325
25385
25405
25435
25475
25495
25525
25535
25565
25585
25595
25615
25625
25685
25691
25705
25715
25775
25915
25925
25945
25975
25985
26015
26045
26075
26095
26105
26155
26165
26185
26215
26225
26231
26255
26285
26305
26315
26335
26345
26375
26435
26465
26485
26515
26555
26615
26635
26645
26665
26675
26725
26735
26785
26795
26815
26875
26885
26915
26935
26945
26965
27005
27025
27035
27055
27065
27085
27145
27155
27175
27205
27215
27245
27295
27305
27325
27335
27382
27385
27395
27415
27425
27445
27455
27485
27515
27535
27565
27575
27595
27600
27635
27685
27715
27725
27745
27815
27835
27853
27875
27925
27935
27955
27985
27995
28055
28075
28115
28165
28175
28195
28255
28265
28285
28295
28325
28345
28355
28415
28445
28459
28475
28495
28505
28525
28555
28565
28573
28585
28595
28625
28645
28655
28675
28685
28705
28735
28775
28805
28825
28835
28855
28859
28885
28955
28985
29045
29075
29095
29125
29135
29155
29215
29255
29275
29305
29345
29365
29375
29387
29405
29425
29441
29455
29465
29485
29515
29545
29605
29615
29635
29665
29675
29695
29725
29735
29755
29825
29855
29915
29945
30005
30025
30035
30055
30065
30085
30115
30145
30155
30215
30235
30239
30295
30305
30325
30335
30347
30365
30385
30415
30425
30445
30455
30475
30505
30515
30523
30545
30565
30575
30595
30605
30665
30685
30695
30715
30725
30755
30780
30785
30787
30805
30815
30865
30895
30905
30925
30955
30985
30995
31025
31055
31115
31145
31165
31205
31255
31285
31315
31325
31345
31355
31375
31385
31405
31445
31465
31475
31495
31505
31555
31585
31625
31645
31685
31697
31715
31745
31775
31825
31865
31885
31895
31903
31925
31955
31975
32005
32035
32065
32075
32095
32105
32125
32155
32185
32215
32225
32245
32255
32275
32285
32335
32365
32405
32455
32485
32495
32515
32525
32545
32555
32575
32605
32635
32647
32665
32675
32705
32735
32755
32765
32785
32795
32845
32855
32875
32885
32905
32915
32935
32945
32965
32975
33025
33055
33115
33124
33145
33155
33175
33235
33295
33325
33343
33355
33365
33385
33395
33415
33425
33455
33485
33533
33535
33565
33575
33577
33595
33625
33665
33685
33695
33698
33703
33715
33725
33745
33755
33815
33875
33895
33905
33955
33985
34015
34025
34045
34063
34075
34085
34105
34115
34135
34145
34165
34205
34225
34265
34325
34345
34375
34405
34415
34445
34475
34525
34535
34555
34595
34600
34615
34655
34675
34685
34693
34735
34765
34805
34825
34835
34855
34865
34885
34895
34945
34955
34975
34985
34991
35005
35023
35065
35075
35105
35125
35135
35155
35185
35195
35225
35245
35255
35275
35285
35315
35335
35345
35365
35395
35405
35435
35455
35465
35485
35495
35525
35545
35575
35585
35605
35615
35635
35645
35665
35695
35705
35735
35765
35777
35785
35795
35825
35855
35875
35885
35905
35915
35935
35965
35995
36005
36025
36055
36085
36095
36115
36125
36145
36155
36175
36235
36245
36265
36275
36295
36305
36325
36355
36395
36445
36455
36485
36505
36515
36535
36545
36565
36575
36625
36665
36695
36775
36785
36805
36815
36845
36865
36925
36955
36965
36995
37015
37025
37055
37075
37105
37145
37165
37175
37195
37205
37225
37235
37255
37265
37285
37295
37315
37325
37345
37355
37415
37435
37475
37495
37525
37555
37585
37595
37615
37625
37675
37685
37705
37715
37735
37745
37775
37825
37865
37885
37925
37945
37955
37985
38035
38045
38056
38065
38075
38105
38125
38135
38185
38195
38215
38225
38245
38255
38275
38305
38315
38335
38345
38365
38375
38395
38435
38455
38465
38485
38495
38511
38515
38525
38635
38645
38665
38695
38725
38755
38765
38815
38845
38885
38905
38915
38945
38965
38975
39005
39025
39055
39115
39125
